Nr: 2.3282
Nrdot: 0.63632
Nv: 1.2195
Xu: -435.39
Xudot: 0.042239
Yr: 0.49303
Yrdot: 0.44716
Yv: 1.0151
Yvdot: 1.1276
